18276
55461
40103
56887
60147
32485
11895
11457
59577
42411
29568
10346
41526
49562
62855
37640
7860
21801
52539
7905
38656
38662
15277
51930
29907
50426
63137
28573
43142
48495
34785
48619
22970
18090
41450
13724
15281
45632
36996
19565
49491
61825
24983
61857
12515
23742
11539
23056
8493
20451
6416
60858
17089
49863
42233
54899
56579
24426
10904
64879
2469
33815
53673
52446
16034
38766
53575
17018
63620
6383
25964
24949
33213
44528
25908
56414
43374
55605
43916
33838
20814
7967
16132
12117
47353
41300
16844
3147
20884
4060
36715
48477
16701
33393
40523
57625
63195
65528
50799
25190
48682
19409
45125
53047
63120
58651
5494
8918
50786
58226
36190
43944
5459
45965
11874
41470
36069
21559
59478
28777
61960
3654
41293
50217
37175
12332
348
4195
45854
54271
8617
63061
15557
26052
56162
56029
10373
33594
35541
5078
28092
61205
50467
26829
2577
64361
45932
59490
6291
53863
44983
14509
30527
62894
64976
56136
15099
50093
24566
20410
49817
44000
7125
26329
21494
22204
17150
29111
57392
35022
43634
40255
30279
6718
37264
49813
33775
26859
8676
8778
54141
9175
31022
61361
6579
59099
5556
45033
20301
36325
13604
20602
18027
27530
59258
29029
17400
10190
23780
51360
36542
15823
56924
16270
8694
8671
12381
38980
5346
39352
3225
3683
65061
52744
22078
45228
7344
60421
35757
43765
29477
42779
21319
38519
10782
43637
24273
16016
29623
45132
64794
21602
7084
58851
47838
59994
52541
59150
20016
33804
38758
40790
35309
13566
8874
61852
19418
64594
32401
7563
49199
61972
6537
27848
8835
18216
57630
64659
32457
49493
19438
15310
14221
39701
6016
30093
4295
16856
21356
1367
45960
46767
15991
26782
34146
39888
60008
39144
62099
42679
19959
1953
2614
4519
45674
20577
23593
12738
26934
39999
12057
57174
42815
41288
24246
24195
54148
51296
60597
52571
43016
64014
44706
19487
10893
52269
40484
33465
51341
46981
29624
24114
9222
53510
7443
53205
20089
30509
49954
36958
4616
62771
55106
57886
22349
19229
40779
40839
56963
55346
862
36569
9510
23714
47722
39202
914
46037
4751
43392
63926
23266
25484
19262
17307
41649
6965
43139
14340
43798
22870
537
35207
36984
16544
45410
16084
45102
47331
64115
26238
30025
2778
33643
3780
42989
57953
61941
6114
59666
14527
40602
22664
35799
63590
18779
56714
53383
54768
29278
209
7291
37401
15927
44405
57688
17776
22086
32969
48621
21410
56432
65385
65428
33007
36047
52006
5254
25480
27116
32832
632
1045
38631
34634
24886
7906
14579
63958
17165
47692
44247
34037
29954
402
68
41430
29520
52442
18331
17515
45938
29413
4576
20196
41178
24151
17387
20521
1047
2632
3091
51412
61995
6084
20091
61055
50016
60167
59961
34283
41494
60107
63272
25265
47978
2345
44342
44145
63747
37886
65315
36456
60809
34023
11712
7414
34794
14095
13390
17830
32169
52576
3285
40735
46409
58968
29272
4226
24784
58995
8460
2009
49275
1588
12374
26440
34908
237
12691
21828
48171
17402
22484
44779
9156
36722
18954
18886
42192
18333
178
23750
15098
9674
29848
1277
42083
24134
4919
45593
21430
48002
12762
30348
51399
7008
49201
28895
3136
24063
39051
19459
61067
21751
13593
50370
38546
63875
41239
10325
26116
61275
61568
23644
50895
41899
50018
34968
58604
41837
41284
22554
63617
48508
46975
46857
43757
18942
35160
17746
26124
22016
56354
37519
23521
15921
62226
54637
44618
29173
32769
48697
63137
6084
26189
25155
11333
16439
3452
358
31658
21929
61670
39420
30071
52670
57901
16037
19194
36964
1084
56846
51991
32628
28238
27762
64728
29443
8153
64064
35651
29489
4616
26709
32144
2232
48996
55732
46880
60575
4368
21026
32811
58454
51323
51571
29508
7650
57158
23106
61634
18002
799
43248
65515
61234
64281
37717
60157
44273
64964
8825
1762
58317
34027
25750
56768
10699
7232
42659
17701
56825
50385
44996
61747
28384
30495
28431
34443
20202
55878
39556
30874
50370
40726
15897
41495
21194
58308
12415
13739
685
20132
59996
42415
21569
1623
49323
30550
12431
37394
1558
43106
5675
57239
60800
43571
45639
62570
7117
51836
28011
5789
58643
50436
47790
52751
2762
49921
34803
62183
6990
6146
19497
59401
1867
64100
22921
6718
11710
27102
15322
17731
41858
39561
43478
55557
19898
63926
33710
2358
4027
11361
19124
41625
43724
61794
44765
8655
28993
21431
12528
51608
56492
4053
21404
36999
51425
64001
34006
51773
14641
55165
23572
60661
25378
49467
17212
58153
22532
22742
22497
349
13706
59444
45823
9026
49922
50602
11945
12277
56720
57797
50688
34184
63376
21923
21386
42480
12046
49374
30767
11777
27221
43301
2174
16263
24916
17247
25135
23839
13335
50093
22499
26239
62251
46639
144
14654
27572
60182
10702
8958
20341
9474
41921
8229
63092
13694
16854
3232
5421
18620
38949
52387
50470
21446
383
51218
42736
28530
55544
16050
2508
13001
33398
17343
20332
10591
35819
65204
61130
25047
64304
62532
55611
56931
38560
1727
48592
51465
26563
59317
61984
36824
55925
22288
12805
7806
8173
42225
4774
62168
1601
64768
58904
46490
23202
29322
60555
48949
30964
7725
27722
47046
40614
52993
37772
34767
25409
27562
41875
37472
50947
39513
44396
45308
12727
15205
19055
27087
37203
44863
63316
8750
19457
26649
42245
44520
41796
28758
22487
8217
24864
630
18842
32793
37831
7251
34383
21745
52199
53341
52127
30738
52161
37376
2384
27794
5638
37207
2749
30670
323
35677
61281
53921
17251
420
24745
44097
42904
15719
11846
4348
23194
40834
50608
35857
60847
47164
1667
1289
37601
18581
18752
41484
52136
22955
8671
41653
43690
57233
59606
13652
12183
8814
25880
17463
11699
19583
58662
28016
37053
50316
38417
38375
56432
21581
12887
25774
4044
53154
2327
1467
63986
63098
34218
46991
53746
30250
33053
15940
193
14870
53234
33844
29635
1247
20484
40234
8776
38242
43424
30954
18502
19428
36172
50578
65469
26043
21087
34144
38823
59224
60100
26344
16060
16316
27504
65060
14443
35678
18453
4338
63212
14759
33098
34411
44314
13796
42819
30260
31081
46207
52791
57412
26559
28323
36226
52723
40402
37503
23773
55227
62384
35863
11497
8057
37930
15291
55038
55687
36226
19066
60663
8285
13814
19487
